%YAML:1.0
calibration_time: "2019-06-16-21-21-41"
image_width: 640
image_height: 480
board_width: 6
board_height: 7
square_size: 10.
camera_matrix: !!opencv-matrix
   rows: 3
   cols: 3
   dt: d
   data: [ 9.5122141099056046e+002, 0., 2.8242287583561921e+002, 0.,
       9.5584992951141987e+002, 2.5588422630658249e+002, 0., 0., 1. ]
distortion_coefficients: !!opencv-matrix
   rows: 1
   cols: 5
   dt: d
   data: [ -9.6369483935651729e-002, -3.3771455042009357e-001,
       2.2253544494485402e-003, -4.0038182652796335e-003, 0. ]
avg_reprojection_error: 4.7888320684432983e-001
per_view_reprojection_errors: !!opencv-matrix
   rows: 25
   cols: 1
   dt: f
   data: [ 3.64890814e-001, 2.76731610e-001, 4.99968737e-001,
       3.95751894e-001, 4.27950323e-001, 3.65601033e-001,
       3.89739245e-001, 4.04051274e-001, 3.85120779e-001,
       4.07274604e-001, 8.00651908e-001, 9.07905877e-001,
       3.00398439e-001, 4.50647682e-001, 4.62874860e-001,
       4.25902128e-001, 3.15678596e-001, 3.66287053e-001,
       2.50557840e-001, 2.90721357e-001, 3.90894383e-001,
       4.65846568e-001, 8.19878638e-001, 5.60051501e-001,
       5.28839767e-001 ]
extrinsic_parameters: !!opencv-matrix
   rows: 25
   cols: 6
   dt: d
   data: [ -2.0863470936951659e-001, -1.5529342493193329e-001,
       -1.5174091725285954e+000, -3.1896218614628772e+001,
       2.2058361188521626e+001, 2.5433255619408635e+002,
       -3.5803091332801906e-001, -1.1421395864924458e-001,
       -1.5116007316230748e+000, 4.3020278881862177e+000,
       4.2135095206309650e+001, 2.5004707810080296e+002,
       -3.0252070885001120e-001, 7.3600617015646616e-002,
       -1.5185738336954311e+000, -4.0991852499194579e+001,
       2.0645205729731934e+001, 2.2837067268395788e+002,
       -4.5595574692460816e-001, 2.3818322745981352e-001,
       -1.5072706607758284e+000, 1.3961202432302853e+001,
       2.1757788413067718e+001, 2.3150991728673128e+002,
       -4.1347498240803504e-001, 1.9400186292121624e-001,
       -1.5120246802054613e+000, -1.3934694190204282e+000,
       2.1330214369425917e+001, 2.3239192856838116e+002,
       -3.1949476139052335e-001, 2.0577705474845279e-001,
       -1.5061560721236367e+000, -1.3193698346195408e+001,
       3.7063116093510073e+000, 2.3482958066239277e+002,
       -3.3643261445312689e-001, 2.1006531600096079e-001,
       -1.5060757330088392e+000, -9.2559000438952417e+000,
       5.9476667282686968e+000, 2.3662856405684502e+002,
       -3.4165963916935943e-001, 2.6040791431456578e-001,
       -1.4970614270940901e+000, 1.4432109165254856e+000,
       -4.3405754937125723e-001, 2.3656643880844160e+002,
       -3.5981102372067975e-001, 2.9834434769977719e-001,
       -1.4890138402220325e+000, 1.0382190692034456e+001,
       -3.5927351941564258e+000, 2.3455671911305728e+002,
       -2.9336197952407250e-001, 1.8412898705304398e-001,
       -1.5094425774985756e+000, -1.9310368846601722e+001,
       3.1745389140182056e+000, 2.3455127997649259e+002,
       -2.2675179627494868e-001, 5.5841935663516605e-002,
       -1.5234653111466598e+000, -5.8498798327471732e+001,
       7.4277887495661172e+000, 2.2870684093098785e+002,
       -3.3306218355604256e-001, -1.3767244100189412e-002,
       -1.4966378040991517e+000, -2.9054323578800357e+001,
       6.4830896633505279e+000, 2.2692028154970754e+002,
       -3.5212677574200912e-001, -4.2635345915120020e-002,
       -1.4481351707237848e+000, 1.1495605058808394e+001,
       3.0293915507305808e+001, 2.3899208861609381e+002,
       -4.3701303874467790e-001, 1.0906528085613228e-001,
       -1.4738516677373097e+000, 9.3581297668880978e+000,
       5.1436019834426503e+000, 2.2753252009146513e+002,
       -6.1320126468285197e-001, 2.4016993715792395e-001,
       -1.4233946083621938e+000, 7.3200877407786793e+000,
       3.1216972126204269e+001, 2.4442195116722394e+002,
       -5.6109138996168217e-001, 2.2376705053045250e-003,
       -1.4065517439681590e+000, 3.8269449893362388e+000,
       3.0160336942685174e+001, 2.3896031272616040e+002,
       -2.6161617934453063e-001, -2.2589943593157008e-001,
       -1.5125612317450818e+000, -3.7870954148187799e+001,
       4.2067597303018843e+001, 2.4927027651910595e+002,
       -3.8185779693883121e-001, -5.9401255388059460e-002,
       -1.5150415321346353e+000, -3.9527681523527527e+001,
       4.1762025482951486e+001, 2.1923721921070359e+002,
       -2.3143216935107414e-001, -2.1315884058450549e-001,
       -1.5146523691509033e+000, -3.5844430144075311e+001,
       4.4467582533663737e+001, 2.3282366022388914e+002,
       -2.4650526658990249e-001, -2.4873690663751316e-001,
       -1.4930839320418736e+000, -3.7081129965890597e+001,
       5.1615563041069500e+001, 2.7871241548750044e+002,
       -3.3398156083111380e-001, -1.0032447799383279e-001,
       -1.4463816302641035e+000, 1.3900708510621751e+000,
       2.4463150914494651e+001, 2.0774417876015156e+002,
       -2.1999980901167943e-001, -1.7865903739078526e-001,
       -1.4766379041126603e+000, -2.7260302716432165e+001,
       1.7384091304915046e+001, 2.0919434740887127e+002,
       -1.9486622113321581e-001, -2.6043147826971802e-001,
       -1.4789631110236841e+000, -5.1992906168178024e+001,
       2.5126670746922823e+001, 2.0917760935051950e+002,
       -3.0984640606915020e-001, 1.3174634975173011e-002,
       -1.4923152431982574e+000, -5.0076870543865283e+001,
       2.7842833997136545e+001, 2.1702738738948634e+002,
       -3.7796713689435302e-001, 1.3920997570930830e-002,
       -1.4807702800917963e+000, -3.9732887273157701e+001,
       3.7924509840590318e+001, 2.1773441218030288e+002 ]
