%YAML:1.0
params: !!opencv-matrix
   rows: 4
   cols: 1
   dt: d
   data: [ 7.7521053544101756e-002, -9.9276028974298969e-001,
       9.1746898404402782e-002, 4.1170036480056282e+001 ]
totalErr: 4.2161511928325027e-002
err: !!opencv-matrix
   rows: 36
   cols: 1
   dt: d
   data: [ 1.2495371275939249e-001, 9.3355000838926117e-002,
       6.1763854450994415e-002, 3.0172596596720780e-002,
       -1.4224827051378952e-003, -3.3009919111812280e-002,
       -6.4601143599929856e-002, -9.6203398670951401e-002,
       -1.2779462315906187e-001, -2.8507634013244854e-002,
       -2.7490564810200624e-002, -2.6473338459354068e-002,
       -2.5448576308342297e-002, -2.4439088834725453e-002,
       -2.3421642517462260e-002, -2.2404471775885781e-002,
       -2.1390867092605959e-002, -2.0374063785247642e-002,
       -3.6776738733109937e-002, -1.9003330580844136e-002,
       -1.2449286310527441e-003, 1.6520863713630263e-002,
       3.4294269707871194e-002, 5.2060126456183298e-002,
       6.9833468046780922e-002, 8.7599453602365429e-002,
       1.0536518154339802e-001, -5.5348774097346620e-002,
       -4.3691861169605772e-002, -3.2027505081899221e-002,
       -2.0370608569152182e-002, -8.7211603569130602e-003,
       2.9506466016044897e-003, 1.4600067124405314e-002,
       2.6257088239546533e-002, 3.7921377673995948e-002 ]
